532 2759
1 23 15
2 10 24
3 2 9
4 25 10
5 30 19
6 6 1
7 25 11
8 9 21
9 12 49
10 24 27
11 11 27
12 6 32
13 28 29
14 9 25
15 30 22
16 27 44
17 7 8
18 7 8
19 17 14
20 8 6
21 22 23
22 16 29
23 23 16
24 21 6
25 25 16
26 5 27
27 12 50
28 29 50
29 20 9
30 14 40
31 20 10
32 3 16
33 29 2
34 26 35
35 25 43
36 22 46
37 7 50
38 16 1
39 15 26
40 9 31
41 11 43
42 20 35
43 22 20
44 16 22
45 8 9
46 23 9
47 30 47
48 15 38
49 18 50
50 5 12
51 4 16
52 20 12
53 25 35
54 22 30
55 3 22
56 2 3
57 4 21
58 19 8
59 30 24
60 29 17
61 24 43
62 18 3
63 29 2
64 13 37
65 3 17
66 28 48
67 4 9
68 29 49
69 14 22
70 30 8
71 4 43
72 12 7
73 14 1
74 16 3
75 4 44
76 12 8
77 18 49
78 12 27
79 22 6
80 25 6
81 24 14
82 13 8
83 23 11
84 18 18
85 22 37
86 5 27
87 1 36
88 16 44
89 16 1
90 19 12
91 7 22
92 1 34
93 12 34
94 10 23
95 20 24
96 10 15
97 18 32
98 2 12
99 24 31
100 29 27
101 19 3
102 24 50
103 10 39
104 3 26
105 9 43
106 29 37
107 4 9
108 1 35
109 2 32
110 9 33
111 28 40
112 10 47
113 1 23
114 8 16
115 14 36
116 23 22
117 30 46
118 13 29
119 24 16
120 26 24
121 20 44
122 1 24
123 14 33
124 30 48
125 24 21
126 12 21
127 10 31
128 19 33
129 24 26
130 18 7
131 23 40
132 30 2
133 17 3
134 23 22
135 20 38
136 18 31
137 4 8
138 16 39
139 2 16
140 16 5
141 8 18
142 8 49
143 18 46
144 3 3
145 14 31
146 1 36
147 22 43
148 20 11
149 5 24
150 2 16
151 13 29
152 16 46
153 28 2
154 25 29
155 9 22
156 16 8
157 29 13
158 16 39
159 10 41
160 3 33
161 1 4
162 21 44
163 26 12
164 14 42
165 5 36
166 29 47
167 26 4
168 3 4
169 7 29
170 14 27
171 20 19
172 6 41
173 13 44
174 11 43
175 24 23
176 7 4
177 16 47
178 29 23
179 20 3
180 24 44
181 20 22
182 11 7
183 28 35
184 30 36
185 23 44
186 3 14
187 4 50
188 6 47
189 13 38
190 1 26
191 21 17
192 21 38
193 26 30
194 1 25
195 24 26
196 9 25
197 8 11
198 11 27
199 15 43
200 22 9
201 8 26
202 24 1
203 16 30
204 19 18
205 29 39
206 4 29
207 18 26
208 9 23
209 5 29
210 19 40
211 24 19
212 24 3
213 29 47
214 19 23
215 21 41
216 3 28
217 18 7
218 30 43
219 18 29
220 23 6
221 7 6
222 27 24
223 3 5
224 28 38
225 5 47
226 19 40
227 5 45
228 13 46
229 1 23
230 30 31
231 3 3
232 10 33
233 21 39
234 15 48
235 27 39
236 15 34
237 24 41
238 27 29
239 7 7
240 26 31
241 3 44
242 1 19
243 10 15
244 24 30
245 27 34
246 22 2
247 18 21
248 4 48
249 10 10
250 15 26
251 9 1
252 1 44
253 24 20
254 12 40
255 6 37
256 3 30
257 13 43
258 28 22
259 7 12
260 24 43
261 7 15
262 24 34
263 8 29
264 1 49
265 29 27
266 14 37
267 19 37
268 30 22
269 26 2
270 4 33
271 10 36
272 22 24
273 30 11
274 6 38
275 24 1
276 22 20
277 27 28
278 15 4
279 26 37
280 12 44
281 5 28
282 30 44
283 16 10
284 27 23
285 3 32
286 25 2
287 27 18
288 26 48
289 18 23
290 15 2
291 13 17
292 3 41
293 14 28
294 5 49
295 24 48
296 25 29
297 17 24
298 14 42
299 15 42
300 26 47
301 24 20
302 21 42
303 19 28
304 30 17
305 30 24
306 18 24
307 12 40
308 4 37
309 29 10
310 18 33
311 30 32
312 13 36
313 27 38
314 10 42
315 19 47
316 20 4
317 17 42
318 16 7
319 9 35
320 3 18
321 20 42
322 3 4
323 24 7
324 10 2
325 28 29
326 6 27
327 30 50
328 5 19
329 27 46
330 22 18
331 2 1
332 11 10
333 5 16
334 7 13
335 2 39
336 13 12
337 13 25
338 15 16
339 13 6
340 27 1
341 5 3
342 29 46
343 4 45
344 14 41
345 30 27
346 30 34
347 8 32
348 3 24
349 28 9
350 16 1
351 10 18
352 12 32
353 5 28
354 19 27
355 26 15
356 19 20
357 9 10
358 17 25
359 4 33
360 5 46
361 19 26
362 19 38
363 27 23
364 21 6
365 14 49
366 7 33
367 26 20
368 6 12
369 20 16
370 1 35
371 22 19
372 6 1
373 20 22
374 5 34
375 6 41
376 11 15
377 18 11
378 4 26
379 3 17
380 14 16
381 15 42
382 30 32
383 21 17
384 24 10
385 12 34
386 16 14
387 4 1
388 26 34
389 5 42
390 9 30
391 14 49
392 26 3
393 1 50
394 28 43
395 16 11
396 11 30
397 22 10
398 23 15
399 29 6
400 6 10
401 9 22
402 5 45
403 12 42
404 28 46
405 5 48
406 18 18
407 8 23
408 2 8
409 4 50
410 10 39
411 2 12
412 10 16
413 22 33
414 20 50
415 10 7
416 21 31
417 8 38
418 15 2
419 1 4
420 27 16
421 1 26
422 15 48
423 19 7
424 7 22
425 8 6
426 3 21
427 28 32
428 16 41
429 6 17
430 22 8
431 14 4
432 18 3
433 21 12
434 24 24
435 5 3
436 19 15
437 18 23
438 4 26
439 19 20
440 20 38
441 17 12
442 19 46
443 25 44
444 8 13
445 23 29
446 30 36
447 25 7
448 10 27
449 18 44
450 20 34
451 8 38
452 10 25
453 11 13
454 23 41
455 22 4
456 9 10
457 25 39
458 6 9
459 22 43
460 3 46
461 4 42
462 3 8
463 18 23
464 4 17
465 8 34
466 10 15
467 1 49
468 1 33
469 23 45
470 16 46
471 18 6
472 6 12
473 4 13
474 23 27
475 7 45
476 23 30
477 27 5
478 29 36
479 29 23
480 25 46
481 18 4
482 20 28
483 15 3
484 13 19
485 27 40
486 5 45
487 5 22
488 26 38
489 4 30
490 16 40
491 5 40
492 12 13
493 17 10
494 20 25
495 12 4
496 21 39
497 10 32
498 9 16
499 14 33
500 14 31
501 2 48
502 17 16
503 19 34
504 5 4
505 14 22
506 16 40
507 12 17
508 24 8
509 6 3
510 12 10
511 19 4
512 30 20
513 18 20
514 5 21
515 4 20
516 3 25
517 20 31
518 2 40
519 15 48
520 14 28
521 10 39
522 7 31
523 17 22
524 10 34
525 26 23
526 23 34
527 7 45
528 3 14
529 6 39
530 16 20
531 9 41
532 14 28
